RX 3 GAIN -12 DEC 4
TX 3 GAIN 0 INT 4
924,226
-576,-562
1276,-78
-710,-1344
274,-1448
-1630,-2816
-1662,-3388
-3472,-4572
-3878,-4970
-5114,-5406
-5014,-4970
-5092,-4288
-3978,-2894
-2918,-1422
-1158,254
188,1530
1542,2442
2056,2602
2176,2216
1474,1238
576,90
-602,-1064
-1406,-1800
-1894,-2046
-1678,-1654
-1062,-838
-32,234
904,1174
1626,1768
1752,1782
1378,1266
486,332
-522,-690
-1432,-1520
-1840,-1848
-1688,-1598
-916,-798
166,280
1282,1318
1988,1950
2084,1966
1436,1306
268,168
-1112,-1118
-2202,-2108
-2642,-2462
-2176,-1982
-908,-770
852,856
2512,2368
3518,3244
3388,3076
2020,1776
-354,-408
-3066,-2874
-5262,-4828
-6028,-5460
-4708,-4184
-1070,-808
4560,4360
11344,10552
18086,16686
23502,21604
26516,24338
26516,24338
23502,21604
18086,16686
11344,10552
4560,4360
-1070,-808
-4708,-4184
-6028,-5460
-5262,-4828
-3066,-2874
-354,-408
2020,1776
3388,3076
3518,3244
2512,2368
852,856
-908,-770
-2176,-1982
-2642,-2462
-2202,-2108
-1112,-1118
268,168
1436,1306
2084,1966
1988,1950
1282,1318
166,280
-916,-798
-1688,-1598
-1840,-1848
-1432,-1520
-522,-690
486,332
1378,1266
1752,1782
1626,1768
904,1174
-32,234
-1062,-838
-1678,-1654
-1894,-2046
-1406,-1800
-602,-1064
576,90
1474,1238
2176,2216
2056,2602
1542,2442
188,1530
-1158,254
-2918,-1422
-3978,-2894
-5092,-4288
-5014,-4970
-5114,-5406
-3878,-4970
-3472,-4572
-1662,-3388
-1630,-2816
274,-1448
-710,-1344
1276,-78
-576,-562
924,226
